GÉNESIS[1,2,3,4,5,6,7,8,9,10,11,12,13,14,15,16,17,18,19,20,21,22,23,24,25,26,27,28,29,30,31,32,33,34,35,36,37,38,39,40,41,42,43,44,45,46,47,48,49,50

ÉXODO[1,2,3,4,5,6,7,8,9,10,11,12,13,14,15,16,17,18,19,20,21,22,23,24,25,26,27,28,29,30,31,32,33,34,35,36,37,38,39,40

LEVÍTICO[1,2,3,4,5,6,7,8,9,10,11,12,13,14,15,16,17,18,19,20,21,22,23,24,25,26,27

NÚMEROS[1,2,3,4,5,6,7,8,9,10,11,12,13,14,15,16,17,18,19,20,21,22,23,24,25,26,27,28,29,30,31,32,33,34,35,36

DEUTERONOMIO[1,2,3,4,5,6,7,8,9,10,11,12,13,14,15,16,17,18,19,20,21,22,23,24,25,26,27,28,29,30,31,32,33,34

JOSUÉ[1,2,3,4,5,6,7,8,9,10,11,12,13,14,15,16,17,18,19,20,21,22,23,24

JUECES[1,2,3,4,5,6,7,8,9,10,11,12,13,14,15,16,17,18,19,20,21

RUT[1,2,3,4

1 SAMUEL[1,2,3,4,5,6,7,8,9,10,11,12,13,14,15,16,17,18,19,20,21,22,23,24,25,26,27,28,29,30,31

2 SAMUEL[1,2,3,4,5,6,7,8,9,10,11,12,13,14,15,16,17,18,19,20,21,22,23,24

1 REYES[1,2,3,4,5,6,7,8,9,10,11,12,13,14,15,16,17,18,19,20,21,22

2 REYES[1,2,3,4,5,6,7,8,9,10,11,12,13,14,15,16,17,18,19,20,21,22,23,24,25

1 CRÓNICAS[1,2,3,4,5,6,7,8,9,10,11,12,13,14,15,16,17,18,19,20,21,22,23,24,25,26,27,28,29

2 CRÓNICAS[1,2,3,4,5,6,7,8,9,10,11,12,13,14,15,16,17,18,19,20,21,22,23,24,25,26,27,28,29,30,31,32,33,34,35,36

ESDRAS[1,2,3,4,5,6,7,8,9,10

NEHEMÍAS[1,2,3,4,5,6,7,8,9,10,11,12,13

ESTER[1,2,3,4,5,6,7,8,9,10

JOB[1,2,3,4,5,6,7,8,9,10,11,12,13,14,15,16,17,18,19,20,21,22,23,24,25,26,27,28,29,30,31,32,33,34,35,36,37,38,39,40,41,42

SALMOS[1,2,3,4,5,6,7,8,9,10,11,12,13,14,15,16,17,18,19,20,21,22,23,24,25,26,27,28,29,30,31,32,33,34,35,36,37,38,39,40,41,42,43,44,45,46,47,48,49,50,51,52,53,54,55,56,57,58,59,60,61,62,63,64,65,66,67,68,69,70,71,72,73,74,75,76,77,78,79,80,81,82,83,84,85,86,87,88,89,90,91,92,93,94,95,96,97,98,99,100,101,102,103,104,105,106,107,108,109,110,111,112,113,114,115,116,117,118,119,120,121,122,123,124,125,126,127,128,129,130,131,132,133,134,135,136,137,138,139,140,141,142,143,144,145,146,147,148,149,150

PROVERBIOS[1,2,3,4,5,6,7,8,9,10,11,12,13,14,15,16,17,18,19,20,21,22,23,24,25,26,27,28,29,30,31

ECLESIASTÉS[1,2,3,4,5,6,7,8,9,10,11,12

CANTARES[1,2,3,4,5,6,7,8

ISAÍAS[1,2,3,4,5,6,7,8,9,10,11,12,13,14,15,16,17,18,19,20,21,22,23,24,25,26,27,28,29,30,31,32,33,34,35,36,37,38,39,40,41,42,43,44,45,46,47,48,49,50,51,52,53,54,55,56,57,58,59,60,61,62,63,64,65,66

JEREMÍAS[1,2,3,4,5,6,7,8,9,10,11,12,13,14,15,16,17,18,19,20,21,22,23,24,25,26,27,28,29,30,31,32,33,34,35,36,37,38,39,40,41,42,43,44,45,46,47,48,49,50,51,52

LAMENTACIONES[1,2,3,4,5

EZEQUIEL[1,2,3,4,5,6,7,8,9,10,11,12,13,14,15,16,17,18,19,20,21,22,23,24,25,26,27,28,29,30,31,32,33,34,35,36,37,38,39,40,41,42,43,44,45,46,47,48

DANIEL[1,2,3,4,5,6,7,8,9,10,11,12

OSEAS[1,2,3,4,5,6,7,8,9,10,11,12,13,14

JOEL[1,2,3

AMÓS[1,2,3,4,5,6,7,8,9

ABDÍAS[1

JONÁS[1,2,3,4

MIQUEAS[1,2,3,4,5,6,7

NAHÚM[1,2,3

HABACUC[1,2,3

SOFONÍAS[1,2,3

HAGEO[1,2

ZACARÍAS[1,2,3,4,5,6,7,8,9,10,11,12,13,14

MALAQUÍAS[1,2,3,4

SAN MATEO[1,2,3,4,5,6,7,8,9,10,11,12,13,14,15,16,17,18,19,20,21,22,23,24,25,26,27,28

SAN MARCOS[1,2,3,4,5,6,7,8,9,10,11,12,13,14,15,16

SAN LUCAS[1,2,3,4,5,6,7,8,9,10,11,12,13,14,15,16,17,18,19,20,21,22,23,24

SAN JUAN[1,2,3,4,5,6,7,8,9,10,11,12,13,14,15,16,17,18,19,20,21

HECHOS[1,2,3,4,5,6,7,8,9,10,11,12,13,14,15,16,17,18,19,20,21,22,23,24,25,26,27,28

ROMANOS[1,2,3,4,5,6,7,8,9,10,11,12,13,14,15,16

1 CORINTIOS[1,2,3,4,5,6,7,8,9,10,11,12,13,14,15,16

2 CORINTIOS[1,2,3,4,5,6,7,8,9,10,11,12,13

GÁLATAS[1,2,3,4,5,6

EFESIOS[1,2,3,4,5,6

FILIPENSES[1,2,3,4

COLOSENSES[1,2,3,4

1 TESALONICENSES[1,2,3,4,5

2 TESALONICENSES[1,2,3

1 TIMOTEO[1,2,3,4,5,6

2 TIMOTEO[1,2,3,4

TITO[1,2,3

FILEMÓN[1

HEBREOS[1,2,3,4,5,6,7,8,9,10,11,12,13

SANTIAGO[1,2,3,4,5

1 PEDRO[1,2,3,4,5

2 PEDRO[1,2,3

1 JUAN[1,2,3,4,5

2 JUAN[1

3 JUAN[1

JUDAS[1

APOCALIPSIS[1,2,3,4,5,6,7,8,9,10,11,12,13,14,15,16,17,18,19,20,21,22